0.200   0.255   0.171   0.374
0.182   0.263   0.170   0.386
0.166   0.270   0.162   0.402
0.152   0.270   0.159   0.418
0.144   0.272   0.158   0.425
0.133   0.278   0.151   0.438
0.126   0.276   0.147   0.452
0.116   0.277   0.140   0.467
0.108   0.279   0.133   0.480
0.103   0.262   0.128   0.507
0.104   0.277   0.134   0.485
0.115   0.288   0.141   0.456
0.124   0.309   0.130   0.436
0.127   0.320   0.122   0.431
0.105   0.326   0.0986  0.470
0.109   0.286   0.0987  0.506
0.236   0.277   0.215   0.272
0.0787  0.592   0.0487  0.280
0.885   0.0430  0.0403  0.0319
0.0182  0.0589  0.884   0.0385
0.275   0.145   0.470   0.110
0.244   0.199   0.212   0.345
0.257   0.233   0.245   0.265