0.3442 0.2963 0.2222 0.1373
0.0436 0.3181 0.2505 0.3878
0.3922 0.0850 0.4205 0.1024
0.0436 0.2941 0.6166 0.0458
0.0087 0.6405 0.0153 0.3355
0.0632 0.0109 0.8301 0.0959
0.0458 0.8693 0.0218 0.0632
0.0000 0.9891 0.0065 0.0044
0.3529 0.6122 0.0065 0.0283
0.0065 0.5795 0.0022 0.4118
0.0000 0.9978 0.0000 0.0022
0.0370 0.0370 0.0087 0.9172
0.3312 0.0654 0.4924 0.1111
0.0218 0.2658 0.6863 0.0261
0.0588 0.1612 0.0174 0.7625
0.0000 0.0000 0.9935 0.0065
0.0414 0.0414 0.8584 0.0588
0.1307 0.5229 0.0850 0.2614
0.1961 0.4553 0.1961 0.1525

