0.23   0.35   0.23  0.19
0.26   0.35   0.21  0.18
0.25   0.35   0.22  0.18
0.23   0.26   0.33  0.18
0.19   0.39   0.23  0.19
0.23   0.37   0.20  0.20
0.17   0.19   0.44  0.20
0.18   0.39   0.23  0.20
0.25   0.53   0.15  0.07
0.61   0.02   0.36  0.01
0.27   0.49   0.13  0.11
0.15   0.55   0.21  0.09
0.25   0.25   0.25  0.25
0.25   0.25   0.25  0.25
0.25   0.25   0.25  0.25
0.25   0.25   0.25  0.25
0.25   0.25   0.25  0.25
0.23   0.16   0.46  0.15