0.157   0.373   0.391   0.0797
0.0411  0.118   0.0463  0.794
0.905   0.000   0.00514 0.0899
0.00771 0.0257  0.00514 0.961
0.910   0.000   0.0129  0.0771
0.689   0.000   0.000   0.311
0.925   0.00771 0.0514  0.0154
0.571   0.00514 0.113   0.311
0.398   0.113   0.404   0.0848
0.144   0.347   0.386   0.123
0.213   0.378   0.329   0.0797
0.211   0.326   0.329   0.134
0.211   0.303   0.329   0.157
0.175   0.275   0.357   0.193
0.198   0.260   0.360   0.183